3825
9503
776
7008
9862
5198
155
4471
8758
1190
722
4777
2344
2442
9714
8912
4699
5748
8941
2758
5766
3263
3036
1401
7662
34
8039
4616
4596
7191
5812
5818
2696
7481
3242
2622
3454
1419
2513
3132
667
710
4505
842
5628
2907
6115
1147
9619
838
8127
2051
2064
5107
7075
3045
2216
4139
9796
2733
1348
6118
7668
7081
3752
7460
5017
5474
1678
2711
9382
4393
862
5832
8344
4332
4253
8682
143
1031
256
7932
5399
6119
8411
5175
4690
9339
7562
3767
4339
35
6042
9207
4442
3866
3557
9045
3799
7776
8441
1396
6013
8688
7796
7073
404
6721
3902
637
4170
567
3875
5848
4952
8521
6892
9711
6909
5405
2648
2204
441
1552
1260
9772
8120
9170
6324
1295
3897
1309
6100
3064
9193
278
4400
3427
9969
5005
9925
6486
4009
1551
354
4128
3927
4235
7622
7551
408
7105
8999
686
7226
9941
3916
6714
756
9267
6824
5190
8626
7981
9732
2933
5472
2288
3479
7284
8163
7141
6980
5034
9343
1715
9713
4727
3784
7937
6463
7194
9976
761
7483
2975
4329
2792
7936
6373
6080
6930
4294
6238
7127
3027
2859
3935
678
2112
9356
471
3885
9228
1201
5565
4623
5063
2370
2066
4430
6768
4154
2037
3184
6187
2374
2805
3723
685
3050
2209
1426
8676
1857
123
3772
2804
4574
7132
7021
8332
8932
9489
7859
5447
6430
6098
9295
8783
1372
2307
3486
2123
4234
3444
9908
1865
6431
6131
8676
1623
9407
5202
829
699
1533
3906
2932
627
6353
9246
8666
567
8994
7413
4731
2442
5552
7743
4707
6239
160
3824
2764
1479
6853
779
6760
6009
1495
1662
4375
6363
7491
5851
8438
2365
1119
2022
9860
9093
6616
8890
6770
4484
6458
5927
7735
5512
9675
6966
5885
2075
9492
541
9195
2888
2301
349
2592
8141
7412
4440
7577
1868
6554
8529
3231
3916
1114
7020
5168
5853
4039
6388
3800
6233
4993
8491
9532
3973
8755
4908
9058
567
6252
924
3664
8561
8679
5903
2688
5483
938
1351
7789
8367
4584
3912
3918
3630
947
8614
7307
1280
8738
6752
5568
7305
6330
5526
4797
9014
7244
3669
8631
4327
9643
6339
4415
5591
4696
8853
381
9046
1196
3199
9369
3720
1633
5523
2437
3525
5117
4906
2170
657
7484
8961
9838
5303
7961
3435
6271
9903
361
7876
2607
4367
229
8565
3771
477
2002
6403
4522
4530
2430
3426
9742
9497
7128
5304
474
2887
5932
5436
8929
5301
3275
284
2646
1497
9171
4702
9734
4579
9040
6750
9230
6995
9870
3975
9433
7959
6314
4941
8154
7394
8708
5990
9363
9785
2435
7881
4448
9399
2645
2750
8403
224
6225
4069
5661
3330
9804
67
6213
9415
900
8871
1256
5591
6396
651
3677
2715
5492
9446
211
2860
2275
5406
8730
8170
3876
5499
6219
6200
8812
5942
7797
8837
6804
0
3141
1014
1014
4479
4753
9710
5304
8259
497
4751
6464
151
4298
890
4387
9107
9353
7251
4799
2303
7144
4624
2641
8257
640
4800
1587
8919
1483
5960
1590
7696
9940
8136
8760
1477
3486
7597
4577
8566
9053
1072
8576
446
885
3563
4893
3544
5422
4267
5915
203
416
3408
3516
1233
4097
6610
4784
2534
6264
4350
5708
7371
1805
8238
2915
4057
3967
8919
3764
4243
5409
9948
7919
3637
2706
31
997
4169
215
9080
3723
6056
3832
734
1322
5965
4500
1282
1975
5093
2001
9403
5082
1123
372
8107
893
3152
4633
5505
5603
1327
9920
8200
1362
3775
5572
6685
1742
873
5049
3582
6228
105
8657
6285
640
8954
491
5427
1467
2138
1994
7506
5492
9405
9517
1507
8777
6109
9408
1134
4179
9102
5166
5288
5228
1344
9504
8407
8254
5614
3991
401
1081
7747
8498
850
4304
8044
9276
9083
6864
952
9670
680
6734
12
2876
8810
6956
4676
9079
2899
2712
2196
6639
2241
7682
7852
3482
4609
1367
4026
4709
901
4510
7081
7309
4976
6959
4999
6507
3501
4091
7172
3274
2976
7356
1302
4358
3412
4089
3930
4179
5188
6502
5316
6407
117
9430
2488
53
8880
7102
3938
6055
1822
2072
1151
8199
8459
5488
430
5594
1149
8463
6945
7673
4238
8961
8877
3598
5813
4757
9633
5095
3780
17
4900
1706
2538
6335
2663
9862
3943
8023
9209
6785
3200
8714
2233
3891
3433
2745
5862
8270
8927
7280
3891
3353
6440
4739
5558
4407
17
2739
9503
1113
1623
2652
9622
3805
2210
5614
8253
3200
1307
5271
1413
9127
5871
2425
6348
4326
2875
1805
5443
9980
8999
5299
798
4283
2783
9445
1173
8983
300
1495
8184
7499
1890
6061
4303
3554
706
3274
7966
9720
4336
6479
6712
6446
4847
3544
4283
3220
7320
9871
6553
1926
3785
2076
1527
9334
2218
778
9277
4290
1114
5814
3422
6929
9193
1910
2674
8159
1295
4996
479
1522
8713
8838
8007
7385
8500
7660
6490
4464
9681
2709
2891
6194
4921
2061
6705
4444
7530
455
1940
5962
3840
7955
1495
1792
9839
8381
8005
1927
2315
4610
1091
4402
2811
3567
4037
4108
3746
7816
4493
191
6397
7777
2687
1171
1787
1293
1520
3746
4390
320
5916
1684
9376
4835
5590
828
8488
5460
6234
2702
9020
2503
2335
6123
4377
9182
8216
3499
2445
8544
8057
4213
2222
5193
7623
3694
7779
3997
6360
507
9376
3562
7834
8437
3935
1721
3439
5577
7369
2496
5206
7816
9605
4184
6581
7314
7255
646
8194
2330
9210
5433
3329
1590
1336
5631
9720
1365
1429
4851
4014
8909
5308
5559
4418
2864
2433
5898
7911
474
8374
7254
61
2074
5241
5272
4235
7754
9834
4605
3272
2813
6907
294
9450
869
224
520
7861
8077
9861
4930
5381
1993
6511
2540
3479
105
619
4136
4145
5332
7714
7352
9186
9718
6878
2044
404
3272
6230
6037
1598
6457
741
3627
2614
7046
6041
9176
516
1595
4520
3183
6081
4918
3132
3516
78
1972
7503
9322
5057
9706
3330
5787
9979
2210
2519
4759
3509
8976
7438
9108
744
320
3676
1741
9419
8015
8520
115
9991
5026
6272
3485
7111
4502
1880
9085
5083
1013
6530
8049
1628
9649
1337
8019
698
7153
8567
1133
1424
518
3335
4844
8889
3336
8677
6704
8604
9970
2769
4717
7347
9670
3858
8977
7338
1246
9335
802
914
5680
7049
9267
5205
5405
2524
6787
1188
3031
4228
4355
9563
7917
6532
4898
2214
4900
7698
9063
1134
899
2087
8713
5196
4331
1714
3870
862
8593
2620
8366
2263
9498
6278
2948
4464
9730
1406
9313
6860
6984
7393
4892
3786
7418
2490
4026
7363
6488
1145
3398
5972
1143
9790
1437
9397
7893
2773
7000
3639
2900
3596
6439
8589
5110
766
5207
8161
7971
3572
4112
6264
9209
6290
5085
6191
9552
7837
280
3764
9880
4076
2177
5138
2034
8348
8427
5940
2953
893
5684
6602
3227
8522
2911
9833
4087
1046
880
5245
8901
1121
1139
5434
524
6139
2937
6560
1716
479
7696
5613
1241
2880
3261
812
4312
9282
7209
3883
1641
4495
8485
874
3849
9482
1276
8367
8787
7536
5124
5223
8123
8026
3311
2183
87
5343
8692
4912
2234
1447
3046
1825
1806
2346
3950
5238
8396
8630
2777
5375
875
6176
6528
1371
5524
2226
5520
8755
6446
7890
3414
7779
5882
1955
9465
947
2621
4804
6019
660
4469
4055
5901
8485
9834
4957
7734
7397
3363
4108
848
1731
6962
4466
3720
4130
5005
9283
8992
5512
3562
2878
8810
9942
3798
479
707
5553
6866
4061
2457
46
7962
4803
6539
9133
7411
9772
6652
6940
3313
4999
6227
6589
5986
8875
930
3090
9675
5043
3088
1508
7804
9946
3029
6962
1538
5506
3490
2679
1530
558
6235
308
301
7008
7970
9437
2972
6237
3761
3952
8793
9292
8932
7823
31
9773
8256
8719
9472
9750
4500
9769
3033
25
4779
8045
7827
6817
7018
4167
4345
4795
3164
9290
6273
754
5816
6056
7865
4738
3803
564
7376
8942
6392
9246
8110
9678
1129
2445
5824
3568
7696
3100
9140
3774
8254
4971
8557
7216
9263
5318
2404
5896
1920
9074
331
3692
5951
8131
3103
9521
334
2044
7658
7922
691
254
8465
6800
7326
4817
8705
5107
9607
880
2177
1903
3492
9086
308
6098
9077
4055
8989
7657
1036
7906
2687
3699
8236
130
8384
2813
8461
2444
4858
8268
5400
3363
1118
3513
6885
286
9861
4486
5903
27
3076
8687
5937
2140
2731
9100
560
528
9114
2178
2516
6813
1552
6026
2483
8265
8610
6713
7580
2424
1861
4446
3949
9696
712
4379
2930
3960
5936
27
1355
7599
7473
385
8808
1833
1750
6977
6227
1107
5198
6808
3642
3832
3475
8533
7800
156
6184
6427
2415
2581
8206
6671
277
5066
9731
9100
8088
4980
7768
310
1662
5809
6829
4155
1853
6743
9867
1637
676
6725
2269
7725
3396
4693
6172
5194
7823
5230
9046
9366
3243
8950
6282
2401
6435
485
6483
9615
75
4565
511
4460
6797
5029
8890
6448
3973
6796
9036
5870
1157
8058
6139
2246
3542
4634
8638
1322
268
3908
976
3710
3476
7664
4525
7864
6125
3141
8044
231
976
1631
9945
6017
1085
4606
7694
9076
5747
395
9837
6573
6892
6118
4621
2359
1619
9498
4574
9660
4131
6578
9258
6615
5485
2597
7003
1289
709
8157
7971
9210
6634
7542
427
328
9520
1809
1836
1243
8540
4392
1332
745
8939
3340
8197
628
3071
8906
3088
4657
6615
7708
7449
9989
7434
9595
951
2504
8336
6483
8026
4315
685
1263
89
3893
8939
8451
7816
1001
4579
8840
5315
8740
5975
6305
8201
34
3519
6829
9191
2208
6078
9750
5503
4028
6592
854
7734
728
9186
6009
6567
2526
6814
6349
3911
8989
6242
5637
1782
5378
7948
1998
6926
162
6164
2729
2684
7939
2870
3287
504
154
6330
4067
5826
4799
8114
8584
5659
5902
6655
2595
1757
70
2944
5508
2280
4708
8889
9982
9738
874
1276
2702
7642
4328
5878
1848
7906
2364
5928
2636
230
726
8848
9768
8693
5940
1252
5319
7035
5501
7243
6215
2384
9321
1896
4424
1073
9757
564
3217
3577
3573
9558
2988
5563
649
8977
5425
9407
3074
3082
2033
9047
102
9045
4969
636
1566
8331
1606
602
5833
154
8631
1749
1546
5737
3022
5334
3437
2758
6097
6518
4087
2511
6445
1861
890
4825
3098
7751
3207
8304
5545
5021
8014
8683
8793
5979
9778
7499
8457
2923
4232
5472
1865
7262
4637
4712
9769
954
7431
5989
2067
4244
6708
410
3860
2507
6751
1330
8341
6559
4097
9116
328
7980
19
2359
3102
4039
9138
7302
7317
563
6667
8528
7119
416
3046
8232
5998
9826
2256
4355
4267
4633
3392
1979
7429
6290
2027
1311
7831
4393
9426
1172
6562
7321
5209
9997
234
5826
9395
5042
7485
4742
2617
1904
8141
6112
9177
3021
1503
3121
4395
4198
540
5881
4655
4135
3205
1758
8338
2134
7779
8811
4592
8316
5804
7912
1187
6241
610
2770
7881
2483
8229
3256
5347
3490
6121
4113
5914
7916
2050
7916
2685
1504
8955
2278
7189
3649
3863
3026
25
2185
8255
3448
1757
1031
3225
2141
5301
4103
4586
5882
8392
3452
242
9468
8512
5148
4293
9047
8845
9464
2618
7479
9977
8950
7805
7573
9206
9726
4303
6531
8836
3453
9069
6324
6335
1193
846
8299
2324
9026
3093
9646
8452
5153
967
3846
50
0
1382
7942
3398
8645
6204
5846
2164
4397
8819
5851
6150
2273
2033
7460
3318
1767
9874
4836
6584
7911
3837
519
1092
7208
2664
9058
9873
5015
4552
9996
1453
323
288
2659
6009
408
1066
8636
721
8071
8388
2827
6026
142
3218
7947
5300
1369
7362
7370
46
8036
5932
4100
6648
4459
7351
2331
2420
433
8505
1344
7046
4073
3719
9856
4795
5013
6362
9230
8021
5801
4003
7369
5092
346
4325
601
5537
8104
1264
8092
6740
3861
3438
8871
9589
9201
6918
7691
6991
6628
1327
3270
6864
4838
9662
9507
5326
7727
688
5647
6164
6342
339
1545
9401
3848
2270
5445
225
7752
7329
1868
6365
6557
4712
4164
1726
6940
41
6664
3799
5634
9548
2244
6720
8542
3802
8239
7543
8570
8062
6436
3169
3940
9753
79
7774
5853
3682
1361
1962
7565
6522
2368
6047
5040
7164
1951
9080
5233
6483
2389
8177
5298
3047
3100
1994
7093
8943
2984
8714
8522
1418
4561
9040
1206
649
7391
8725
7132
3604
946
4397
250
2012
3131
1133
4915
928
2411
8358
2964
8058
9958
7855
3862
9761
3330
369
4447
5153
1346
1307
7668
1767
2058
7302
5471
9190
3102
5187
5513
9800
7051
2289
213
5102
2626
4651
3913
7096
1308
8061
9977
2080
8015
4103
5506
5040
7404
58
4080
5972
1329
303
2380
5690
4578
2887
9237
8070
655
7773
7337
4482
4737
1464
8593
4467
3223
2652
7415
7206
5336
4960
3732
3609
2500
811
538
5799
2556
7096
8747
9803
3194
4728
9157
8502
9405
9014
3834
6859
8869
3941
1776
5415
6552
4310
9745
8798
3215
1734
8576
6496
2785
5076
3737
7483
6121
9200
4771
5786
4614
7999
3670
9259
2559
6747
6563
7631
5121
2312
8260
3882
262
3953
8896
7146
5108
8832
9099
2900
1935
7980
8536
5561
1372
9213
7468
6424
3619
9531
1665
2830
1775
7028
3763
6632
5638
3085
42
5321
1216
576
4869
3319
6886
6371
5055
7967
2632
5801
6225
8809
7786
9026
9476
374
3148
3934
5825
8949
997
6799
8247
5430
3691
2459
6871
9078
8418
5888
6847
7768
6527
531
4706
3829
5639
8465
4737
2410
1465
6902
7400
4144
1268
7420
3159
7065
3862
6971
9259
8758
1363
1295
1097
4038
2286
7335
4006
1688
9735
3226
2774
65
4913
1876
1583
6057
4750
4398
7961
4064
4234
6379
8788
5487
9153
6286
566
6008
9406
9961
2496
1215
2977
705
7867
3442
5995
6653
1812
1348
4777
6189
9138
8519
5291
4168
3904
5303
7840
4669
6843
5812
3088
5435
185
8856
9877
8988
1476
2423
4007
1148
1682
1315
4851
9767
6162
7263
2087
1728
2037
4700
4236
5759
6023
2303
1489
1618
6185
9427
8336
8756
9484
9323
6031
2970
7371
6288
2917
8394
8789
3576
3622
4343
262
9688
9021
5815
4306
9776
5238
4517
2413
1492
2005
8034
8474
4364
3878
855
2909
4625
530
1829
5839
5735
3130
8126
6094
3978
8435
140
1982
9809
2959
7038
5392
5488
7668
7540
414
8089
4059
5600
3472
5682
9591
44
5438
8017
5295
1194
3842
4676
7338
9142
7272
7358
9830
2680
4534
1932
4565
6310
6114
1205
4053
3014
1189
3679
1499
1393
9706
1647
8475
4820
1490
4616
1654
5935
1527
6453
7792
9504
8027
2529
8348
3546
668
3267
6487
6334
6582
8008
8606
9596
7270
5385
3885
6675
4407
7451
5685
1220
9178
197
3289
997
9126
7867
150
6321
1658
617
7452
8652
7483
9948
7277
9861
8239
8747
5952
4548
9956
7939
3970
6930
9901
1887
1787
4712
6138
4070
1528
6336
1460
159
9770
7128
3010
6719
5947
2597
7434
6371
2616
3251
1351
7737
7007
8731
6355
3913
1974
5485
8642
7985
7525
6301
5196
1197
4946
6794
4868
5878
3096
265
2377
8385
8018
9936
2792
7080
9049
3471
3836
1910
2056
7097
676
3900
2280
1791
895
4545
5517
6942
5846
2614
9852
335
1349
3190
3703
4396
5544
4716
4055
9683
7711
1616
5589
2338
7966
8458
9941
8354
3059
9863
207
9793
4580
7912
2539
8215
3620
5623
1080
5082
6546
6581
9545
5773
1087
223
5886
3251
5674
1503
7594
5778
7305
3455
5958
3906
7094
7304
4945
2020
9475
4120
4114
479
6956
226
2556
5270
1304
720
7292
3974
1499
403
3266
3355
3099
7755
6346
8530
1773
5586
310
7705
1068
9618
3114
3171
1157
887
1891
6120
113
8767
6612
745
8320
2350
6863
4848
4943
2334
205
8821
9093
4564
7002
894
8848
5150
6480
814
6487
8424
9998
6574
9627
8941
1652
9002
2959
6475
9662
7378
1537
7151
9339
176
7236
400
8184
4825
1835
2552
1806
4588
1348
2652
2133
6760
447
4828
5299
1275
3482
2342
8358
2596
3226
9957
169
8282
1592
5639
886
886
7781
7517
1032
8266
7724
2875
6156
4629
9522
1119
5700
9135
4124
7822
135
7374
1342
7130
2249
2108
4651
80
1250
3455
8926
9581
9213
7256
9188
225
8511
1015
7395
9724
2146
2603
3659
3668
3694
6584
8936
5481
9075
9041
6881
896
9253
1589
6176
2587
6291
8885
3454
361
1030
1379
7803
74
7123
1879
1094
7899
2686
1899
9775
1360
5563
6246
2679
6591
2705
5926
2112
6601
6174
886
1239
3540
5217
5423
2506
3555
3784
1931
6791
5079
7510
2501
3283
7166
5024
3595
2804
8554
4357
1877
5068
4813
3624
1264
722
9728
2859
1187
62
5795
1834
8867
8273
6734
7713
8162
7247
6902
3690
2194
5722
3436
2759
7367
8540
239
520
602
4769
9346
8234
3993
9726
1976
6797
9692
5266
4011
6992
6899
3447
3580
3818
9628
9893
4452
8055
7040
6724
6873
6990
8029
3083
4061
5340
2110
4890
3537
4191
2646
4096
3286
2464
3979
5754
8964
6765
4303
2713
6083
8754
3019
3279
598
5092
6132
4485
4249
2617
9647
5100
79
6136
128
7934
9614
7577
766
1264
2134
1272
371
5895
8364
7675
5231
5475
5765
3869
6796
5420
925
7718
2077
6312
5976
4073
8879
7591
3200
3003
9505
6411
4189
7883
5472
9735
1938
2258
1771
8210
20
5063
8326
5144
7382
1791
3161
1886
6847
7200
3912
2063
7005
2129
8590
5064
5859
3888
4274
4957
9806
6431
188
9574
5093
508
4961
8409
3486
1419
2089
3909
5502
4706
5090
920
4809
688
2766
9934
4807
6347
151
214
1063
6534
658
6035
4925
7835
1153
6156
2998
2874
851
4160
3309
8302
6422
7786
8343
5512
6333
7420
2376
5627
8956
2091
5160
3555
5696
3383
512
2962
7468
4149
6366
6937
3005
9035
4425
4671
8239
8696
7246
5233
297
4686
616
5734
9412
2220
3038
6414
6345
6652
3959
582
5319
1717
9337
3275
8660
8142
2510
6809
635
6752
2488
9070
6676
2839
8603
8352
2465
2693
4632
2487
5172
3907
4171
8888
7278
4708
8986
5407
242
40
1934
4441
6792
8330
6142
8811
5918
1990
7654
9747
1465
2875
6663
6889
7465
5576
3191
3937
2682
6983
5865
4127
2215
8963
4376
6695
1017
2775
4574
5953
4621
116
769
374
4211
7806
1756
5321
1218
4420
1803
8789
6810
6922
6671
542
4657
5108
3090
8902
5183
9442
4485
9456
9925
5843
357
5673
4856
439
1581
2247
2700
6197
9652
8849
6715
8469
4391
7081
9365
4763
8097
9794
6369
6352
7190
6450
1201
1439
5775
2373
7443
8745
7424
8027
5364
3862
4598
2687
3760
2425
1388
4453
6452
6382
2828
5456
3541
5842
4066
1917
8985
5839
8956
6591
626
6707
2126
1320
9723
7212
6723
6112
8955
7506
5117
501
9415
5760
6941
8528
9828
4449
1726
5135
8314
3139
3676
6805
420
4283
6882
4810
5875
357
3889
8976
3186
6197
4077
9219
2565
4847
7728
5324
3115
9679
9602
4291
8946
6870
3296
8558
4265
2227
8761
602
6880
7257
968
4452
9580
8258
6044
4629
3896
7552
1843
6008
7701
875
1652
1641
8721
6349
1836
1212
6198
3942
5121
423
5673
844
50
525
4723
1842
6063
2504
3132
9972
9685
6899
2339
1453
4674
7585
8202
8805
3958
2908
1086
2202
2042
9806
1029
6921
5627
4165
3744
8505
6590
8983
8272
1749
9544
403
2548
8964
5269
4351
6992
6167
358
2307
3658
926
1864
5458
6158
791
9103
416
3090
468
1442
4420
9443
3143
1887
4235
6734
4605
5167
2934
251
8133
9364
9026
3779
9420
927
7330
9826
7638
8511
2011
7415
9098
9444
6892
8697
4090
6033
3159
3092
1694
8959
384
8209
1308
1406
2242
7875
4262
4374
5928
4718
3457
5532
5823
5442
2141
5137
229
5509
4597
740
3917
1742
2677
9400
7235
173
7315
5760
4262
1497
7548
3798
1783
8994
316
5019
9933
4164
3064
6041
4162
445
2140
2212
8749
9125
7244
8270
9484
140
889
6426
7518
9795
2931
9193
4971
3392
3173
6768
8833
7284
9682
1323
2636
5337
7433
4090
5360
9429
5335
1385
2902
4700
6570
4366
7793
8226
8238
3132
4268
9389
4870
5956
5154
8584
8440
5019
345
7588
4645
566
5579
4874
2627
3474
7939
4828
6857
8416
7313
5033
4327
2861
6250
6559
4192
6944
3743
3274
1125
6957
9943
3659
4687
6470
412
9716
7432
3905
2463
2399
7558
4549
9
7966
5445
2398
6944
7998
5600
6080
1314
9621
6684
1016
2512
2394
3793
653
7690
2707
7766
7798
83
1705
3000
6005
9137
8185
4230
113
6707
3156
5980
8849
5759
2693
4890
5860
5655
2242
6769
46
1031
7964
2874
1293
9982
1841
8226
8858
4983
9953
6005
5098
5091
2077
6102
5972
2036
5787
6360
3069
4264
9334
6844
1439
4800
2339
856
2216
749
5294
1120
223
5846
7907
6228
3153
1159
6888
5382
6473
5450
7847
8646
7359
3979
426
9644
4743
1786
7999
1168
8666
9266
2443
4553
8978
1185
9483
6033
6094
7300
2645
7762
373
8289
3709
3616
7240
3728
8739
193
5392
6054
3834
1085
3175
863
4388
9838
8754
5383
7352
9460
8571
758
838
360
7806
4614
2545
2443
1193
6866
1003
2186
1574
2236
3839
1072
9461
795
375
7592
1090
2656
605
8605
5591
5555
9999
193
122
9103
3932
2294
4662
3206
6682
780
6087
7538
3274
3128
7183
442
3812
3581
3094
5565
8812
7289
1230
3422
1606
3791
4820
2443
4949
9628
9954
1580
7439
6552
5426
597
5884
203
4989
7256
3357
8890
9746
9386
7818
5181
9250
4480
6452
7582
3591
2614
7129
3951
6741
6059
6181
280
2393
3581
1093
2269
3198
1932
7367
2136
62
1710
1774
2056
533
7263
6898
2085
8610
4194
9556
8878
7287
8008
9039
2769
5967
1931
5721
3110
6287
9688
9368
8041
437
8232
5778
499
2973
6857
7533
1012
7411
8557
8230
2559
7010
9887
4365
9889
8235
7373
1996
5439
3953
7526
9720
27
8065
3954
1329
1282
5792
7864
1492
7174
9244
6448
7951
2675
6452
2886
1732
8736
1812
4903
2263
7653
9224
1356
578
8227
8289
9408
4248
9955
1558
3823
5573
9167
674
7613
2740
7879
6843
5055
875
9442
3907
6266
9249
610
743
7671
9168
6833
1765
96
6182
7725
4250
7674
5557
4686
1081
446
6553
240
520
3862
2234
306
3141
3104
2071
9545
4837
9650
2739
9889
3933
7242
4508
7362
4858
9600
2389
1867
8698
7724
3398
3997
7981
5133
9386
6598
2182
9245
1238
7193
6652
8238
3833
7911
4526
5472
558
7756
3027
3843
3038
1368
5742
5732
1299
1928
5056
2390
7511
2816
6088
4110
7900
5560
7797
3898
6837
112
1197
174
3584
4737
6374
1821
3431
6898
4129
3537
8924
7043
5622
8200
3666
1786
8106
7259
2202
9944
7150
8923
3019
8454
4962
5770
9083
5937
5894
6484
8602
2080
2736
5528
9070
3982
7097
2791
1176
5048
5794
4103
373
3652
3157
7556
2593
5212
7766
2388
3398
342
5960
1013
9907
8561
3404
358
6600
1246
6852
8239
5805
5640
3077
8589
6065
594
1083
270
4592
2876
6998
8677
1806
7521
8658
5371
8081
6512
693
7922
459
8965
2546
295
4996
548
3386
7508
5158
2337
1394
2847
306
510
2431
9298
9360
3698
1630
6711
2131
1715
6304
7488
7659
8480
3507
5649
8772
797
5420
3371
6940
3547
4943
6677
1938
3571
4305
1288
1098
2191
9797
7128
1805
4134
6547
683
909
690
7335
1575
8037
3712
7365
3180
8319
7395
8442
3434
5152
1925
8365
976
4638
8475
4917
883
801
6291
196
8904
9863
6477
8785
2494
6402
371
275
6939
7068
9926
8681
4353
3051
5575
9527
8156
6703
5311
6267
6395
2295
5692
4750
4664
1236
792
2678
7126
2646
1047
7
4774
3490
6525
8074
5014
2645
7161
7766
7814
3746
6626
9050
8889
1015
2349
3100
6197
1982
6600
5932
3222
6687
8566
1634
6069
1379
6936
6807
2576
915
6404
5327
2503
6159
7364
2163
7538
922
5373
4621
5458
9922
6650
9948
7987
3214
9525
4056
9482
1601
9154
191
3121
9867
1912
6542
5964
6078
6237
4843
4391
6877
7869
7263
8702
3409
3574
961
8424
6821
1218
8445
7569
1921
8898
6884
4595
9429
5188
4205
2720
443
5889
1945
9407
5198
6
5380
9120
7434
9628
7192
7054
2697
2390
3739
8352
8604
3847
7416
2571
9467
7021
539
3144
2275
8414
8646
1645
4958
2253
7169
8907
7217
9641
7678
5956
6878
8946
5130
6326
4266
1465
3584
9977
9625
2916
1352
9184
3877
7018
3980
3519
6654
6625
7738
746
283
1633
4518
5766
8014
6276
9943
1375
1894
1261
6050
7764
9358
8547
1236
8082
3187
1144
1912
8252
50
8490
4808
3140
208
3157
9729
4089
5907
8082
1759
3964
1758
3281
3959
336
250
5118
2836
1119
3759
979
6296
9891
4546
4986
708
7208
9640
8781
1508
8123
3849
1708
3761
7790
6448
714
906
1035
4094
165
6925
9394
4111
944
5982
4433
5076
7823
7834
4879
6047
3086
838
2278
6590
1037
3584
4075
2494
7852
2311
6554
8592
1711
9927
5650
2073
9551
1996
7179
1076
8861
9864
6400
498
4819
7471
9228
2642
6297
7103
3093
8619
1057
1342
9296
8086
7184
9963
8991
7784
6489
4022
1870
2989
2775
7948
7110
9825
4614
3995
4843
9335
3103
6772
217
3084
6079
4718
1222
9894
5266
9910
6835
6023
593
8996
4228
9405
7350
7418
7082
3307
3975
7494
8490
8082
4663
1958
428
3833
4676
2267
8657
9405
606
757
2369
8065
2294
382
5633
134
7726
7924
5454
5605
7682
9182
5912
265
2947
3855
2206
2235
4012
8808
2738
3317
8707
6008
2520
8584
3358
2415
480
5736
9166
6752
6190
4276
2301
4485
3794
5636
560
7996
6841
1964
9993
5758
176
1709
5179
3456
5263
5819
3178
3843
6394
6713
8351
3719
5055
5119
5334
2220
5581
1198
3604
8392
7890
5450
5416
821
7310
4486
7420
2370
2985
6718
7752
697
2494
5869
7427
4545
7763
7007
759
2682
1318
3681
2592
1797
1333
917
8481
3350
938
4721
9923
6930
5441
6055
5626
243
6904
2239
5415
26
4514
2048
5379
5091
5575
6013
2239
8644
8012
7612
2821
7344
3578
771
8602
1960
6590
1467
5667
2785
2908
279
7008
353
7473
9837
2713
9234
2628
9554
3652
985
6871
8613
8016
7392
9920
8961
2994
527
8111
982
4953
3834
1483
6162
768
1188
1917
9176
3423
7665
5256
8066
942
6296
1044
2899
2120
888
2534
197
2759
6210
5485
7105
5970
6676
7420
3326
6528
1333
2495
2688
7367
6684
1227
3457
8918
4971
6071
7614
4859
6201
3841
6200
6866
7054
5662
2171
7162
231
7042
8651
2741
6825
7976
793
1485
9362
4415
7286
9486
8091
2001
9551
8787
2281
96
8454
257
4307
9135
3089
3914
1070
2491
28
8047
6484
1717
8425
8101
2900
1901
8920
866
9874
1835
3329
596
2975
9549
3134
1167
7251
6648
9382
3521
1047
9981
8260
4132
2031
9483
5222
5743
4404
2010
7361
2361
912
555
1986
27
8978
6841
7535
2353
1634
3611
7548
1901
5935
7434
5002
7271
7331
9354
6234
3669
1224
9398
1759
5107
324
2588
7537
3856
7023
7538
509
5300
3685
8036
2026
3025
6663
5532
5990
7574
7340
5324
6015
3114
2629
4410
9710
8379
8270
5785
8382
2755
5041
4064
7707
1443
5540
1385
3413
671
9266
936
5043
1078
4664
9862
5860
5612
7445
2985
4544
3813
6708
753
3373
2784
5463
114
3503
6622
1785
5961
9799
3550
5669
1245
7819
5655
5157
3876
3942
8481
3363
4223
7254
3088
2427
4834
5476
1518
1937
3444
3697
6243
7759
591
1387
6964
2055
1141
7439
2501
3847
1056
9896
8268
4666
7395
1269
3188
6762
4994
5609
1946
6452
746
1052
7064
2356
8959
6767
2332
1807
8433
4333
2644
3600
4762
5789
9272
7786
9574
6787
6243
7212
175
7702
1055
6562
7669
6748
4925
792
9366
7170
7470
7034
9295
2600
2513
4726
8415
2345
9018
3299
4340
8232
858
5755
8325
8517
4161
3364
1851
4479
1197
1612
9645
3364
4749
418
1431
7828
2406
6258
2101
8244
8577
2888
9457
3582
1568
5846
663
1653
9291
6864
3810
6310
4588
3157
1589
1770
738
6792
4248
8696
3526
9404
380
7735
9928
8398
7885
2241
3236
4812
227
9684
4519
4308
3701
4786
1528
5687
779
3720
8341
140
6670
875
155
1328
1230
9326
8033
7787
6943
8976
3938
4287
2353
3747
9045
4138
4859
7159
139
506
3220
3077
5828
2448
7869
6680
2926
3965
8622
6261
2827
7033
203
203
6077
6290
4675
6853
7169
6465
1061
109
7606
2905
2560
6939
5688
713
6085
1226
4669
5185
5131
1084
4043
6513
5695
2884
1285
5420
2181
257
9856
2987
591
7130
4550
7839
9961
1380
4982
9070
1455
897
5989
4798
1964
4003
8917
9472
5968
7871
112
4980
9324
428
6498
9834
9021
7930
8177
7193
7155
2639
3962
824
2061
780
2088
2009
3572
9743
8195
7974
7184
4354
3331
9827
2298
1424
3552
3875
271
8200
792
9735
9405
4090
2571
6545
5693
5342
9495
7287
958
5268
6219
7218
8970
5141
3034
1974
5383
7961
1742
1420
4908
66
469
427
2653
4022
3773
8662
5109
9770
1512
8127
4640
6025
8652
3496
8562
3396
2074
2298
1063
9443
1368
8126
3704
6186
317
953
1719
1478
3993
2134
9031
1639
6959
4859
1466
7112
3615
508
2809
9401
708
9230
4154
1438
8215
2772
2161
2272
366
822
2373
6705
5317
5664
5757
2189
7335
9911
3623
4444
1673
4725
7589
9827
3219
1637
9237
4107
8892
1179
1596
4569
897
2618
5742
9708
6017
393
2380
5238
3224
8832
3514
6801
6054
5692
1212
835
8028
3490
4188
2684
8850
1024
299
7228
5592
9551
8402
7730
6951
4997
6499
4383
9314
4903
4401
9096
5646
8315
8280
3930
8028
9915
9323
9368
9535
1446
5161
3984
639
1808
3802
6540
3848
7034
7755
3253
3167
7100
9348
4785
8803
5983
7043
2781
9500
6567
6167
8694
242
5325
5146
9424
7628
4651
3211
8314
6148
3409
6296
6521
5348
5892
5397
6448
3887
2278
7387
4993
238
3745
2768
3726
3557
8492
3310
7544
4706
5248
8275
3097
9281
9477
5077
3885
991
7557
3951
3306
5929
9698
4557
8400
3567
739
3968
9451
2107
9833
5150
7686
8888
9760
4505
3882
2513
1986
9626
5301
7912
3893
5450
1621
3119
7525
6125
8819
4886
588
1403
2332
2466
9853
5420
1594
4886
3904
560
3746
2448
1575
3848
8231
4242
5199
4852
8444
8396
7539
8618
2342
2723
9019
624
6463
896
497
3558
4855
7399
436
1123
7717
1906
3045
5482
3884
1082
767
7944
633
4082
3172
29
4664
5391
1922
8581
9093
4120
4836
66
1312
6150
7365
1912
1883
3368
9919
3188
5421
8022
6033
5338
6729
7007
6736
8201
8488
5905
5332
637
6258
4644
6051
7506
3276
8164
5675
3071
6156
3050
3609
7302
9240
2533
1015
2135
6924
4634
5569
3308
2762
373
2680
6324
3067
7227
1632
4719
5956
2990
1348
2147
7124
9372
57
1209
745
9796
8544
2583
6883
8917
2853
4059
4272
981
6197
6352
8087
3388
8492
448
7984
8811
3548
4391
6464
2107
8042
6591
1074
8470
6258
1966
4561
7276
1322
8616
8498
4627
7796
4273
6414
1695
7198
3331
8094
4890
9731
9369
9311
5632
3652
6454
8852
1433
1457
4613
4107
6916
7585
8062
1912
908
7234
5201
6493
7689
1642
4210
3851
7110
7804
1297
6882
6779
9286
2916
7172
7815
5510
3828
6376
3403
669
5857
3371
4021
9916
8995
1121
9816
891
2270
9416
388
985
6672
61
3848
365
2459
9736
433
2010
9418
5667
8236
9186
4977
3336
7648
386
1109
7800
1313
5018
7141
4759
9555
1600
3988
5573
7788
7818
4980
6440
8707
1993
5633
6933
6971
614
7479
7677
566
5268
8944
8020
2792
4533
7694
7645
1737
7513
5521
7312
8150
8257
2550
8702
6086
2577
8589
1596
2052
2851
485
842
8589
5481
486
4072
6311
6010
8378
6526
523
6222
2873
8025
5041
8517
4463
2774
2199
3441
4812
2839
3598
9652
3673
5506
8178
8435
2514
681
5075
314
564
1796
7652
1498
8724
842
5232
2797
5065
799
980
874
359
5687
6108
5764
8953
3161
6638
3725
3290
5423
957
1303
3680
4537
347
8859
6838
273
5327
8275
3733
8281
7887
5505
4974
6976
5961
2467
550
6660
1924
3630
9102
6002
6366
2679
5822
4601
5409
401
190
3452
8503
7504
753
8149
7846
1532
8110
1351
9835
7809
252
2541
7855
2915
7913
5934
8616
6015
4663
2913
5263
333
4004
6045
5113
3666
948
1609
3476
1633
7005
6147
9680
161
991
5196
2967
5178
590
5072
970
1897
4717
5859
5130
1876
6233
8311
7008
8823
1551
7882
3993
1484
3787
7565
7154
5448
958
8831
3276
6866
187
4103
8283
480
8862
8497
577
3002
1017
2175
9154
6847
5357
1057
7811
3670
9825
9696
8724
8925
5762
1172
4904
285
8487
421
797
4703
7680
4670
9468
3207
3627
3565
8830
6575
658
3767
6344
5263
2324
4153
4373
5239
4558
10
8847
415
838
4924
6586
1446
5892
2385
6077
7094
2206
5994
7341
9
8382
5322
4696
2853
8274
5177
4619
5458
1967
628
3377
5773
3
3410
9976
1397
9622
594
3217
8610
5612
6784
3428
5349
8570
5542
8062
2474
9298
9679
8344
9819
3500
1159
7237
5263
835
9982
8280
271
4506
4251
6143
6712
3641
6253
7040
2028
7576
6893
4270
2691
7174
3823
2856
1072
5414
9511
3230
7470
5959
6057
9777
8521
5695
9736
6950
2264
9363
3552
2711
7160
2373
8144
8086
69
1243
3934
7487
2913
3864
718
5625
3495
8745
8142
7784
4937
1278
3321
8114
6133
6194
5851
443
9334
41
339
2176
5207
758
4660
8157
7410
8614
1094
299
1047
476
3691
1306
1832
5914
4379
3046
2257
6857
9456
9545
6213
3701
6542
3805
803
7639
3802
8108
1655
8256
7851
1286
6797
1631
3022
2510
2049
2960
8211
1186
7154
4466
7957
7108
2949
6114
4887
250
3989
1833
8330
6671
2023
7167
9963
6627
4924
8122
4681
8934
3472
7703
8980
3420
5936
4484
6993
1134
3465
2711
458
3405
202
2879
5346
2323
4603
6021
7654
5496
39
2478
3791
6814
6533
8704
3221
3353
4277
3022
3741
7470
6341
3490
2530
6583
7235
3846
3042
9233
8557
6559
3823
7346
6692
7303
9798
8362
2335
2678
6908
5637
4620
5291
3764
1177
8113
2748
4478
83
2913
7016
2730
5353
3674
6293
4601
6683
5290
6668
7060
9146
7138
3309
6982
7413
5699
3935
1492
2845
9781
5224
6669
1204
519
8966
5421
9382
784
5464
8011
2275
8324
3916
7634
6905
5234
9621
4317
9466
6474
6312
9212
1007
7276
19
9539
7417
5964
9611
529
447
7505
2801
6558
8697
9596
5985
4573
360
3510
3990
4785
8320
6978
5357
9036
7107
3058
3748
4354
6106
7238
4575
7917
1155
1423
9511
4170
674
6961
5023
3184
3381
3479
8148
3569
1337
1648
1392
7816
162
3895
4076
4450
4251
5312
4880
794
5514
878
7208
4829
735
8994
7188
8316
5673
302
3644
7455
2853
6344
5998
2822
5220
7722
7910
6107
4311
1702
7720
3715
3914
9734
2637
6820
4842
6497
40
5809
1732
6858
4948
4688
2572
451
2748
7036
5335
6639
8790
9334
9525
9604
3725
678
7870
8591
4169
5616
7416
7442
9917
1202
2914
5784
4237
2874
1120
7386
6138
4580
6708
650
1468
8224
2709
4764
2555
1570
255
5956
7897
1123
9175
6106
207
8469
9192
2410
4451
6004
8671
472
1715
8904
7647
6625
4257
3479
5330
7453
810
4615
5709
8353
2260
6513
3727
4961
2932
4065
422
9666
154
2154
910
44
2793
4647
5654
159
247
2555
7216
1485
5773
8042
4997
5685
571
9409
4083
5216
2940
7104
7941
852
7521
3720
1133
7830
3740
1486
6880
3596
4667
4159
4926
2369
6639
8703
2796
6561
1305
3098
2464
4676
7968
2603
6089
1176
2737
954
3416
4886
6899
4432
5134
2887
5237
4935
468
4320
5975
2205
7025
568
9858
5095
4028
1146
2597
7361
2622
4469
2909
8659
5362
5937
6271
6736
7260
3725
9813
2360
5812
4964
4884
7677
1374
1725
8182
643
7991
4753
9080
9649
7725
3816
7682
7060
4251
3020
4798
5298
1504
7999
5399
27
507
5017
4847
8476
4373
921
6509
8686
8187
4364
9042
7771
6359
3868
8518
2592
9738
2320
9108
4270
8088
8241
3695
6491
191
3116
8255
4790
1365
9075
203
151
2942
9567
8020
8932
1319
720
5260
4784
1714
9668
754
7453
8142
8774
4555
3715
6994
5022
367
1753
8166
487
1005
208
381
9549
5339
960
3267
9205
9998
1625
3232
7623
2290
6859
5382
5542
1222
5633
3676
9776
5240
552
6599
4960
521
6622
7298
8737
4140
6710
3786
1565
1824
5496
889
8276
7559
2308
493
9128
6322
9895
8035
6693
9164
8694
3157
3342
3072
8103
9278
8978
5079
5696
838
9598
1186
6279
2815
4956
3728
856
7194
6425
3036
2517
2742
7140
9047
8599
1462
6401
8493
5187
3550
1150
5911
3032
8858
2077
1436
2053
8187
6624
7300
7352
8287
5075
4107
7472
4235
1523
2911
7492
1112
7821
4646
5228
280
4721
8990
2269
6611
4628
914
291
3506
6229
9014
7046
1287
9383
6656
2047
2919
9661
1139
2244
5958
4341
2121
3759
8397
5355
1548
589
1450
7262
8721
34
6852
2975
6593
5305
7800
5909
869
3289
8277
4926
4734
4516
5906
7408
7823
297
71
830
5719
4857
4206
5222
8047
1334
6967
2615
2844
5591
594
3775
5809
4009
6973
7378
5108
1536
4522
472
1883
731
3003
1501
3059
7557
285
8396
5741
5495
7982
2565
293
1962
4557
7051
6001
6011
7773
5467
3282
6584
5701
1638
8074
4391
1367
8159
2858
4389
6155
7760
3910
6699
5063
583
8072
5629
4397
6238
1630
3005
1713
4664
753
7180
5429
5319
323
9840
4627
4523
8692
7057
3111
2277
8144
7630
4695
1737
2392
4525
9263
4578
4636
7727
573
2879
1586
4465
9014
8779
6230
943
5523
4955
9519
9971
6524
3360
3945
7067
8847
3276
147
8809
6812
4193
9271
6068
7104
549
3106
1179
7292
7522
3952
4554
5634
138
4133
6741
8940
7159
5466
2081
1592
80
8178
2898
6516
40
3303
1615
82
8097
2614
9970
3032
702
3908
9707
4007
2134
9163
7972
6245
1523
1302
1487
8489
4010
3813
3740
6931
6598
156
3527
4485
9293
5262
8734
3058
8260
7410
4847
5330
9534
1407
6576
6991
3935
9002
8313
6847
4848
2776
9595
8174
5387
6210
8148
7255
8629
2373
7818
8110
3403
6882
9525
2798
2005
425
5834
4330
2984
7932
7441
6306
6344
3283
1384
5908
7482
7948
4832
332
4599
893
2149
9706
4380
8152
4220
1391
8974
6569
3973
7651
2604
1007
5551
5605
4701
101
650
6416
5608
7899
840
7703
9874
8998
9997
9581
817
4672
5750
659
4559
5485
6118
7567
2523
1244
5642
501
1194
279
9502
3541
731
39
1065
2448
8903
5926
7572
1416
6103
9778
8104
164
9424
2251
1412
732
5081
8954
4398
5607
6029
9949
9345
2783
5580
9347
3940
5934
3996
4721
3724
8967
8412
7262
8151
4467
6617
3825
8729
8678
6778
4757
8933
6029
9718
231
6817
4951
7814
2940
3899
4813
260
6401
1834
4463
1042
8688
4973
8893
5768
251
3072
4382
1765
2057
6926
9201
9654
5722
2768
286
6645
9641
2322
615
8537
5821
103
7568
5643
2555
6035
5432
8857
8140
1366
2387
579
3479
5545
3110
9122
2619
9777
943
1704
5082
9536
4526
5491
6517
8298
8851
8348
1296
4213
2741
4572
4242
2042
8236
2029
2796
6777
6221
5134
9363
4585
1872
6769
4716
2140
3086
5631
8211
5104
924
7595
6503
4578
2735
7827
8277
3486
8619
1106
1424
1009
7020
4499
2298
6175
6224
3088
3458
1393
5247
6633
5578
3494
1095
545
1843
3738
9721
817
6343
7124
6810
9632
1779
3881
1047
154
7807
2206
9816
2572
764
1738
927
3106
9225
6602
1518
6712
5921
7294
5890
6957
5732
9185
9759
1030
1248
4183
8681
1103
6892
207
2765
8395
2386
7687
6730
3084
6023
9038
8080
3054
2680
5140
5523
750
2034
190
5707
5993
4957
4566
2955
8639
8694
160
9259
1494
5864
4039
9813
58
5094
3637
4777
4898
7624
7745
9597
7390
8944
4355
8069
4188
7000
8099
6234
3866
6105
5152
8794
8774
2538
6812
7885
866
2387
1396
671
6067
9709
1998
9406
3096
745
2907
2370
4151
5945
9740
7347
5395
1183
2144
6748
794
7952
4539
123
3755
4740
7811
7425
4213
3837
1700
3276
3642
3633
5315
2366
4210
8133
1184
6090
396
792
5524
2507
6527
3850
5386
5457
6191
7655
378
1673
1771
5876
1072
1447
2883
9493
9260
2819
3575
9000
4530
8253
9515
9698
9969
4494
4183
2995
6897
3229
5690
4696
9509
8714
5342
5934
2113
858
1094
2254
1541
8944
7829
9385
5814
3589
536
9473
5742
2819
8179
7937
6778
2195
7274
5146
5346
1329
5205
5307
5605
4121
8695
349
4642
6161
3176
8984
4163
5699
1037
6501
4756
3589
9
6834
7602
7510
3966
2235
4334
6359
2380
8171
4272
8515
4970
6750
1496
3197
4034
1058
3488
2773
7861
9114
8158
6310
5360
9934
5878
5711
9735
707
1723
1244
6942
2
9318
4816
6311
120
463
1089
53
2058
9272
5840
1263
6402
9370
2612
9408
5434
6358
9218
9611
1556
8606
8587
4779
563
1804
1362
1497
5914
7904
7800
1943
735
4327
4518
5433
3596
3686
9910
5315
722
2182
7359
3389
5738
1578
5531
5252
7401
8060
5014
586
1214
8869
6085
1261
3356
2635
1041
9269
4831
4676
2239
5191
6141
3369
1693
327
1802
5046
6891
3898
4647
7294
3107
745
2409
460
5750
8353
914
4020
4229
1800
3662
5335
9241
8634
7755
3509
5007
2865
8021
7821
2707
6707
4990
9152
2680
3173
231
4580
322
7950
9102
7093
4064
1446
4420
8789
4537
1965
136
5043
9058
392
2789
1770
7177
2598
9334
5312
8801
4720
2722
7791
3210
3455
9847
8577
4748
8840
4535
1476
4352
5954
9049
3421
7307
6264
3406
6824
4360
1994
7650
6254
2833
3278
3194
5807
4202
1924
4896
1983
6474
3943
7863
9005
3542
895
6877
9134
8780
963
2541
7769
5737
9723
3358
4507
263
132
5036
8490
7719
9245
3009
3575
9415
6527
3439
3549
5039
8457
9548
2710
446
7896
6187
2828
8764
5958
5843
5644
4540
9130
9566
8471
7537
2989
7552
6019
3321
9261
5650
2015
7369
1418
1594
7123
1863
3101
9065
4197
6974
569
528
4600
9554
7609
2688
8623
1232
9881
7789
5632
8961
5345
2878
2531
8747
5052
6931
5273
1540
2999
7779
6858
4484
6693
1922
7671
5605
7150
123
4686
6954
4472
8656
2123
2649
5182
3675
1195
1094
7996
8447
1516
782
6189
5808
4689
3581
7100
812
5954
124
2246
8388
3471
7258
2481
7019
8133
1830
7606
4810
6922
3975
5337
4526
2434
5928
8665
399
899
7586
1955
3789
4966
4312
2369
4665
8164
3161
8992
6189
9504
8182
3551
1401
3812
33
4819
491
2723
6317
1975
7626
5965
2776
6273
7872
1121
2162
832
9649
2844
9736
7282
1308
3600
8850
4913
8941
3777
6741
6829
8188
3384
9765
6117
2822
5498
2171
5759
4885
7475
9311
4855
7279
12
1746
3460
2600
3836
3659
6230
1621
5114
5036
4172
1678
7152
3584
6050
6079
1659
6275
4759
8860
6127
8734
3548
9454
8743
3677
6809
8397
7499
6367
1226
876
8474
9562
1030
4876
5639
2536
2128
286
3376
7650
4438
5209
5848
727
3079
1428
3047
9704
6498
8176
887
9956
8505
5493
9503
7867
1188
2936
7485
2002
1762
7990
2812
1442
9275
5247
1637
6604
1520
9969
7218
2701
7364
1376
2030
4250
5988
1807
7368
6521
1217
1742
6870
7979
7631
961
9045
2665
1318
8760
7055
7146
6453
3584
9110
5087
1782
37
9932
5276
5308
6434
1109
6451
4282
2327
8452
4158
2653
6150
4003
3112
4553
9626
5598
9336
210
9892
4334
6123
7009
1299
9363
1982
6710
9999
699
9749
4012
4083
4911
139
5720
7700
4253
2550
5707
4754
7120
2582
3191
4091
8395
7562
3982
150
3989
4078
7094
6594
2125
5157
5113
1020
1023
8111
9433
7799
639
2408
5393
6379
6498
3789
6198
2076
6957
3371
1788
4102
2101
4598
2837
2834
2837
6931
5668
5752
3341
5538
9840
7201
4695
9451
7172
2647
566
8948
3091
4731
5191
7900
5561
1667
4346
2391
5116
5102
489
3639
1665
1605
4630
2755
1275
6304
2548
7766
5679
4610
7836
5671
2691
3875
4816
7633
6756
4728
1995
1886
343
2608
5383
6149
471
3981
5145
5548
8909
1821
6023
8316
6142
5429
441
5248
4958
3513
8189
8969
914
4474
8004
5922
7603
5132
8715
7674
2111
7731
8644
9891
8217
2426
9442
6182
8192
6959
6772
2737
7966
5262
5432
1855
1031
9353
4785
6994
4113
5697
2851
8831
5218
9427
6411
1781
229
9762
6396
8748
9303
2364
7524
1094
238
4572
9805
8885
4440
4476
6495
6921
993
245
1058
2643
287
5301
7922
8940
6392
8891
4411
1723
739
8849
196
1111
828
6855
9128
4473
4320
8312
4111
508
6920
6331
3691
3956
9683
6969
7774
265
7804
693
969
574
9691
6381
3712
7442
5207
6220
1673
1667
2585
4857
3939
6153
1548
6735
6994
9510
7568
8602
4793
8936
7405
7307
17
8313
3285
920
6533
5267
322
3091
7776
4403
447
8229
1374
2825
1875
6567
7504
8249
4264
7341
331
5665
1337
1648
5376
1191
7305
3574
2453
4815
7697
2143
8114
4102
4625
5791
3449
5038
4024
9923
9308
8582
6847
2626
2242
6244
9871
3905
356
4962
883
3843
2114
8035
7352
860
6083
5312
9952
8592
3497
8788
6262
8332
5491
5456
5852
464
5580
187
4769
9256
9185
8938
1150
4006
9679
3848
1951
2878
1962
8002
431
6078
2635
1682
1980
5655
5665
9797
9337
9468
1528
2971
8130
8614
103
1211
9722
6321
7667
145
2417
6887
8305
7957
9954
6487
217
2888
1960
1522
582
189
4704
5074
4154
226
2841
2390
8238
4282
2936
5406
5174
2953
9992
2240
4499
3659
3663
6053
7363
1089
7260
8404
1779
9593
221
8248
2580
9721
8813
2000
4075
4535
1833
5539
1939
3992
2995
1661
6429
1219
7872
5067
5399
2721
3805
6111
699
7860
6223
6528
126
1137
7575
7458
8521
8411
9763
5485
628
2461
8690
9420
5822
8340
7648
6133
7049
743
5887
8368
3331
3844
2967
2853
5071
440
3156
3959
7890
2266
8797
3623
3465
9316
9173
4774
6295
1903
6442
4794
413
9995
1163
2316
2354
5048
4039
9100
9506
995
8608
6130
3379
128
7839
7378
9906
4449
17
7163
7340
1920
6094
6636
8137
2735
7962
7955
3074
3353
4388
7700
7635
5764
8253
8370
9116
6758
9811
7437
8257
801
5435
584
6002
1837
8188
5685
4244
5648
4264
9152
9054
3788
5526
5621
9632
7541
8970
8382
1134
717
4615
3613
6506
3327
9995
8291
5359
1668
8536
8843
6122
9925
1570
9045
7379
509
2468
7762
5626
5386
8045
4137
2124
1009
9929
869
4740
6315
3786
7147
174
5103
1573
2363
9831
4797
2937
8578
3520
4052
2537
2617
8833
7489
2443
3519
7675
310
4857
5998
6902
7154
4805
6604
4937
4818
3674
32
279
6420
1885
2542
2230
8915
5986
4081
5084
8484
8923
8660
2194
5532
6587
4158
8922
4908
9689
9127
3677
6858
6928
2091
1613
9197
3155
1610
6377
4324
7646
8218
1375
6676
3896
2938
3851
1837
4580
9603
3598
4695
3030
701
7242
6046
5027
6171
1129
5335
3633
1428
8670
2110
5485
2559
2435
3630
2700
9498
2417
5964
5721
5719
2031
6752
4157
7700
3713
9056
9597
3765
3729
9915
9085
5536
6619
831
1298
197
8067
408
8678
904
8657
4278
6516
877
1948
1065
7282
5870
8037
7980
111
9659
4170
7707
882
5247
5611
3810
2642
3675
3737
7395
7172
1282
2266
4275
7263
4721
5514
9859
4380
9992
8523
6502
2488
9032
6477
7155
5851
9627
200
7289
3747
9627
2758
3369
9002
6320
542
8517
8183
826
4875
2340
4000
8071
3963
9774
1405
8305
803
2058
375
6343
2784
562
5759
3959
5896
4639
7915
8165
8863
3255
7883
8986
1141
975
8042
8171
9693
6591
5968
885
2297
9041
9972
6402
2129
3764
4799
9195
8946
3795
5099
2394
4387
3934
8155
1483
162
1906
5668
5087
7965
4666
9305
6652
7885
2769
1732
3956
989
6482
1344
8271
9144
3550
6292
3384
3408
5753
6106
4530
5499
4626
8365
2805
6344
9997
193
9753
6272
6111
2604
6973
1879
3749
194
6309
3953
5922
5358
5630
6545
1811
8012
6526
5485
2768
4181
3533
8845
5233
6209
4266
8115
5050
2320
7388
3172
3477
3764
4774
9364
3755
4198
7125
8192
7854
8537
3257
7605
2470
5788
7710
5566
4678
568
9942
554
2714
9785
8404
5788
9184
5274
7287
6588
79
2617
9202
2459
4440
6346
9876
484
3928
9671
1193
7709
7224
2820
7068
7885
273
7344
9815
9911
5055
4072
5449
5269
8753
4598
658
3328
1865
3351
9646
2539
278
6075
3548
1776
8476
4085
953
9426
6317
8529
7902
8081
5974
9285
3635
412
9528
7792
8318
7809
4306
6928
1180
8032
3112
8992
8971
8638
2498
3278
401
8533
8322
5034
6717
1000
7187
4522
3864
3427
8347
890
9767
4657
5518
9697
9248
7176
5711
5439
5959
8480
8306
6323
1764
1761
7059
3017
9010
1433
5229
1584
4998
8588
8312
2666
9162
1046
6754
4668
9365
9868
5081
8933
4569
5905
5650
9916
2441
6740
1721
7298
5845
8551
5765
3334
9348
6906
2263
3975
796
1222
8751
4660
9888
8133
7083
5919
5847
6126
5869
5073
3861
4944
8376
7671
4808
1460
7271
7209
9617
9524
5514
5787
9901
1146
6958
6941
8528
8401
9511
4893
6717
9848
1980
9965
7523
8997
3680
2126
3719
5126
792
9115
4970
2706
6094
2259
3448
4750
5473
3662
8316
3372
7879
9072
8995
3118
2128
5004
8076
9544
2024
8832
9448
5060
9256
5326
2467
9374
825
5946
6239
8383
6263
3007
5626
7240
1390
7325
3052
2836
6964
333
879
1488
6643
5349
4682
6839
5024
8614
7388
7109
7069
3282
658
9373
8903
6940
4229
7766
2797
2808
4211
5360
6110
3601
3928
6276
2045
6489
7688
5290
7860
8331
7372
8900
4546
2780
7223
3784
4211
7184
8788
555
410
6617
3134
1720
5901
859
8635
9311
5165
2555
4614
7707
8897
7029
5992
524
6366
252
1746
6771
9461
9692
8921
7516
969
9611
4398
2549
3979
3134
7385
8941
6228
6521
1937
9928
9678
8718
3099
559
8367
8775
1149
8756
3267
5966
3742
2675
3590
5961
572
2164
8043
3411
4073
2668
843
3573
1874
1491
2221
2852
4893
3713
8110
6004
7215
5986
606
3179
8536
281
7607
7392
9132
992
7386
7729
8398
1309
6264
1556
42
3648
2633
7637
8144
2584
7421
1471
856
6742
4253
4550
1014
2826
8221
336
2268
5657
1616
7732
6246
9664
8344
9050
2102
7362
8072
4770
668
8813
9960
9505
4994
8571
9509
7958
7490
6645
2354
5355
4580
8369
7247
2263
5127
4396
5780
736
6107
3714
3930
1630
8617
6666
6486
1834
7376
2335
8627
6693
4877
3513
3083
997
7654
4539
1025
8074
1347
6693
9502
3471
9257
6505
7783
1468
8372
8042
1831
873
1265
817
2494
5532
2085
1626
8502
4003
5070
8555
8109
8446
740
5684
4948
9379
346
17
6707
8581
2119
7949
3350
8606
5756
4801
6488
3417
9570
8458
8731
5405
6913
3177
8242
9572
2975
7043
1771
5306
4307
6073
3899
4624
5301
6834
2071
8319
5364
276
8541
8010
8771
2977
7502
1213
8433
2782
6744
9330
4227
319
5235
1458
7360
6702
6408
4840
1130
6731
1337
7361
8308
1645
8417
5232
6292
7591
9209
5694
8422
8838
7716
7390
8666
5254
616
6415
235
2003
2106
5194
1165
3661
2404
8491
3970
1093
7205
4589
1833
1013
1237
9918
3012
8844
4531
2274
8357
487
6718
1251
7268
4267
156
21
8863
4030
3242
5656
239
4757
1569
2647
3043
2360
8881
3805
7867
3954
1485
8855
7282
6709
2354
772
9177
9994
2549
2266
5164
534
9017
1762
2116
2472
2425
3571
1272
9614
3848
476
3936
9160
8146
3291
856
3076
7935
1851
8894
2152
9828
7850
3768
463
8501
2376
8949
7162
1179
8635
7214
696
6670
4544
9464
1632
5615
4812
9145
8187
469
1872
8788
1503
5154
1803
3283
3653
2800
4713
768
9420
2974
2425
2752
7799
3489
3997
9436
4033
7369
2874
9053
3265
8625
9407
2212
4408
6082
8563
132
7975
6837
2599
5917
4046
3107
5178
6341
3871
3099
43
7892
2273
3662
7897
3308
2689
1963
8679
4403
5890
5778
5451
5967
6261
7255
7093
5053
1956
262
8205
6094
3080
9661
9653
7199
7242
7162
1710
5203
3766
8481
3686
2959
284
3722
7646
5634
2976
6630
8586
4974
3314
2284
9250
3591
9256
8020
7078
7911
9687
2942
2286
8652
8656
5920
7934
4031
230
8683
1513
9026
4302
649
2589
7157
9136
8789
8188
4980
7130
5606
3259
8209
8452
5481
9939
5241
7870
4635
4564
4662
8485
432
7289
5953
8340
2002
2199
5009
4823
5594
7728
6981
1147
7188
7812
3865
6402
34
503
4888
5091
752
5309
3871
8653
7631
2513
2170
6875
4400
5093
1789
4963
8942
1908
6129
5737
8520
9251
4345
7761
9562
5622
9199
674
6488
5120
4832
5381
1895
7298
1793
8557
1527
4564
1901
9024
8192
5713
5996
1843
1735
1036
1377
4469
7998
177
1024
6386
2374
1255
266
6455
5617
6961
4326
2837
9064
2963
5502
3550
2086
178
3395
9965
4431
3300
4302
9650
3969
2615
1493
9531
3637
2878
5798
4894
8930
8005
5794
6370
719
1045
7673
5710
8594
9443
2926
6153
9833
2515
7286
3665
8564
43
4755
6439
7965
8850
1383
9975
7382
9095
5064
3973
4286
4397
4975
531
1231
6676
2300
7887
7847
8563
9833
7113
8368
3297
6553
5090
3278
6036
8861
2992
7957
4688
5571
4063
341
5665
8892
7714
4995
3876
9928
8614
7109
4271
1697
7671
2105
4337
9312
9691
1138
5636
7167
9277
2865
1183
2684
9557
9564
9176
3719
8978
9053
455
3177
905
6490
7461
3025
3175
7692
99
3484
2386
2222
759
447
4718
7524
3522
2052
732
1685
9181
479
2637
8903
5121
6252
1268
5302
9733
6615
2905
6816
2962
488
9417
2288
7747
7273
5403
4069
360
4885
7230
9566
106
9694
3230
3780
7593
3003
9605
9524
6400
333
7806
6231
1322
6092
5988
6208
3038
8034
9177
6994
134
5076
1236
2667
9742
7145
8321
625
2327
5752
5916
2952
2491
4050
2520
4189
3227
7465
9082
833
7460
6412
6723
9525
288
6240
7930
2527
5688
2268
711
2071
9591
8609
6764
6000
7258
372
1279
838
8644
5690
1314
8736
9934
7183
6963
1698
9931
514
9166
1507
3802
7488
9121
1685
3861
2012
3800
118
8614
2440
4535
642
6696
6595
1750
8723
4971
5935
2422
1030
8482
5389
5138
9179
1751
8248
2385
7593
7487
458
2391
5387
4887
5023
843
6859
6605
8356
2660
2426
252
1979
8092
3545
495
7551
4998
823
9782
8446
7420
1351
9606
6439
721
5836
3723
17
2454
1508
5017
8166
6008
4415
8688
9259
6662
299
4142
7453
704
8926
4590
4793
7387
5166
1246
4231
6721
624
2382
1476
1829
4619
3972
1419
3508
6696
349
4048
9447
9433
4206
1257
5349
5203
2488
713
6709
7001
1338
1289
6578
3638
9313
4597
2439
7047
6794
2529
3433
4082
5319
6246
6100
6503
1136
701
8397
7938
7169
3079
663
3018
6978
2151
5026
2105
6500
508
8349
8120
5574
3614
668
9303
3287
4020
9861
6662
1350
8784
7140
3378
6806
72
3422
1807
6013
1298
8338
3087
6044
8715
3691
6748
6376
164
1427
7544
487
9753
7074
5230
2566
4847
3988
3252
1447
8954
984
2960
2296
9352
4836
3668
8318
7469
6422
3975
6337
8892
8822
4898
8864
5263
1783
7491
5558
8404
7388
8001
1444
8708
2839
5997
7390
3792
7388
7186
1842
5642
8053
2617
5746
2109
8399
4539
8755
6554
7649
4227
5406
3681
1052
1935
2340
6280
1854
6371
7278
123
9233
8218
3346
4992
960
3115
6049
8661
3066
4180
7262
1129
3135
2101
8249
9396
455
5163
6041
7155
3634
4855
8057
4804
9946
4363
8377
9034
708
6672
5013
5277
454
9047
1586
3346
2914
186
6021
3011
4769
1358
8078
3610
5227
4104
6433
3839
3346
8617
5413
8683
4238
6743
1109
473
7283
2409
6613
4376
2943
6766
238
3023
9647
3755
2202
3486
8049
3567
1932
5580
36
6149
9782
867
1836
9782
3598
3604
4882
9896
4074
7959
9480
7398
7032
8452
3338
4173
650
5479
8960
17
5679
8884
9552
9626
6733
8823
1680
1166
2794
7750
4921
7260
6218
8469
7815
770
6147
1718
6381
6876
780
8683
2469
1322
3844
5065
1653
7052
7263
4683
77
4301
250
6912
7645
6249
7264
9378
3972
4363
5317
9492
739
6664
3855
4311
2319
3490
613
9161
1958
9306
976
1674
633
5477
6478
7132
6183
1081
7669
7447
4682
1077
2804
2999
9722
7339
8053
2035
7904
4314
2543
7402
2358
1580
6344
5611
9497
9448
4040
2033
5632
869
8489
6761
8711
8989
8842
1618
5108
6025
6242
2528
4186
6911
8257
7645
8556
5476
8290
7821
985
5023
4797
4060
2165
2060
2826
4950
2585
6074
9680
9906
8753
3874
7499
2732
4387
7812
4763
2798
7839
9439
1161
8314
2738
3725
8181
3526
8373
5097
9546
2629
4850
7838
2307
1230
1926
7757
3816
1611
9970
5434
8624
7185
636
2292
5530
7174
9458
1871
1271
9716
8814
4832
7214
9160
4965
5844
3651
8871
9818
8269
706
8863
9680
266
9317
2501
3964
4754
5301
4528
1144
653
1342
4832
5060
4847
3067
8844
8104
9058
880
4936
4484
8095
550
2351
6536
8600
7152
6579
3439
6021
429
8638
150
6089
2583
9891
1179
4288
3256
7014
3553
1160
684
6053
9039
9160
1489
9922
696
1569
2570
9934
7909
3088
852
9523
2750
9261
384
9150
7305
7044
1551
9543
8777
1549
6764
2606
1799
9770
5410
5812
1214
9277
1966
7619
7440
4051
4928
9035
4838
3696
9883
1658
4789
9144
188
3431
2652
4807
3831
4764
5978
3711
2076
3149
7404
6620
5145
569
4724
2053
8857
9084
5189
2001
7226
6222
7995
1138
6796
5932
872
1139
9590
5857
4392
8666
1042
9056
4006
3098
5880
6465
5255
3705
4585
4070
3124
5864
2658
8344
678
5700
448
4387
3930
2359
322
1418
9588
1900
1050
6105
5551
7998
6542
1573
7330
2059
7371
7346
9071
9002
8169
3441
7445
8022
3993
3
1525
9910
3418
8431
3825
3499
3836
876
2768
9477
684
1580
8095
4834
2845
5989
9377
9876
9096
6876
8231
6398
1194
3296
8667
4731
3436
7169
5238
3643
4544
2331
8962
986
9623
355
6489
6575
1199
1484
5180
6462
6010
7510
8208
4570
3802
2837
210
3851
8008
345
6203
9671
9507
2207
6095
800
2054
7891
1408
